label 0.00 0.00cel       
label 0.00 1.00cel       
origin  0.0000E+00 -4.3577E+00  7.8091E-01 extent  2.0000E+01  2.0000E+01
basis  1.0000E+00  0.0000E+00  0.0000E+00  0.0000E+00  1.0000E+00  0.0000E+00
origin  1.3138E+00 -3.0562E+00  7.8091E-01 extent  1.8000E+02  1.8000E+02
origin  1.8992E+00 -9.7234E+01  7.8091E-01 extent  3.6000E+01  3.6000E+01
origin  1.8992E+00 -2.5234E+01  7.8091E-01 extent  3.6000E+01  3.6000E+01
origin -7.0101E+01 -2.5234E+01  7.8091E-01 extent  3.6000E+01  3.6000E+01
origin -1.4210E+02 -2.5234E+01  7.8091E-01 extent  3.6000E+01  3.6000E+01
origin -7.0101E+01 -2.5234E+01  7.8091E-01 extent  3.6000E+01  3.6000E+01
origin -1.4210E+02 -2.5234E+01  7.8091E-01 extent  3.6000E+01  3.6000E+01
origin -7.0101E+01 -2.5234E+01  7.8091E-01 extent  3.6000E+01  3.6000E+01
origin -1.4210E+02 -2.5234E+01  7.8091E-01 extent  3.6000E+01  3.6000E+01
origin -7.0101E+01 -2.5234E+01  7.8091E-01 extent  3.6000E+01  3.6000E+01
origin -1.4210E+02 -2.5234E+01  7.8091E-01 extent  3.6000E+01  3.6000E+01
origin -7.0101E+01 -2.5234E+01  7.8091E-01 extent  3.6000E+01  3.6000E+01
origin -6.6987E+01 -8.4601E+00  7.8091E-01 extent  3.2400E+02  3.2400E+02
